1;2.49961040621;48.8639959388;6;1;714;998;3;14;22;
2;2.49977706824;48.8650938211;1;2;
6;2.49810836399;48.8642684425;1;4;
7;2.50328738802;48.8643530022;1;5;
8;2.50263219496;48.8630192684;4;7;8;21;32;
10;2.50111432732;48.8635255708;4;9;13;775;997;
11;2.48158743003;48.8656369541;1;10;
12;2.48236756109;48.8639495836;3;12;855;816;
13;2.50067262662;48.8626783551;4;13;16;37;783;
17;2.50442323456;48.8624511248;4;17;20;36;970;
18;2.50502377357;48.86380261;1;19;
22;2.49856315305;48.8623367815;4;24;25;50;50;
24;2.49605113039;48.8627489171;3;27;958;1027;
27;2.49289260488;48.8623578547;3;28;30;955;
28;2.49202400154;48.863370419;1;29;
29;2.49262175495;48.8621768398;3;30;41;961;
33;2.51089999129;48.8622169627;3;47;47;83;
34;2.51191828619;48.8626438067;1;31;
38;2.50217778909;48.8620730784;3;33;43;44;
39;2.49939674828;48.8621154377;3;34;38;79;
43;2.50400986195;48.8614871246;4;35;42;90;971;
45;2.50028485628;48.8618943158;4;37;38;94;954;
51;2.5069523939;48.8631000979;1;39;
52;2.50631007097;48.8618383828;4;40;59;68;968;
53;2.49299361658;48.8617827083;1;41;
60;2.50174893916;48.8613068593;6;44;104;785;942;953;113;
61;2.50916390102;48.8613015276;4;45;71;49;71;
65;2.50912647361;48.8623805749;1;48;
68;2.49781131124;48.8611465069;3;51;80;65;
70;2.50856630967;48.8610742414;6;52;72;57;72;118;948;
72;2.50711587228;48.8631097646;1;56;
75;2.48981108332;48.8610677012;4;60;61;820;878;
76;2.49077650943;48.8613056404;3;60;959;67;
80;2.48901857658;48.8626561438;1;63;
85;2.49720656382;48.8602536252;3;64;283;900;
89;2.4854366496;48.8609770254;2;66;819;
90;2.48517626329;48.8611197994;2;66;722;
93;2.49101260896;48.8608569769;2;67;671;
98;2.50580083385;48.8609189596;3;69;70;99;
100;2.50519916195;48.8611233205;2;70;971;
103;2.50919471889;48.8609239334;4;71;72;84;98;
107;2.48814872081;48.8624006129;1;73;
108;2.48879079438;48.8608654933;3;75;76;820;
109;2.48845102359;48.8607651144;2;76;673;
113;2.49878257197;48.8607818511;3;77;80;95;
117;2.50980957942;48.8607645732;3;81;84;87;
125;2.49111021276;48.8606325579;3;85;671;723;
126;2.4921715705;48.8608169337;1;85;
129;2.51121596775;48.8605005252;3;114;88;114;
133;2.51144775551;48.8604924783;2;88;91;
137;2.50358330346;48.8604781006;4;89;101;944;947;
139;2.51217121959;48.8603785161;3;91;96;115;
143;2.49980911448;48.8603364783;4;92;95;103;107;
149;2.51273087355;48.8602908626;1;96;
153;2.50891697145;48.8600234588;3;97;164;170;
156;2.50533318621;48.8599277585;6;100;102;133;142;148;952;
159;2.49965022353;48.8598501725;1;103;
164;2.50106759831;48.8598650836;3;106;108;122;
167;2.50324325342;48.8589747982;6;109;124;135;151;154;945;
172;2.51100608131;48.8596273125;3;114;136;117;
173;2.51209137912;48.8601713435;2;115;116;
175;2.51185186151;48.8595498253;3;116;117;137;
181;2.50828390415;48.8606683807;2;118;121;
183;2.5072735022;48.8594141484;3;119;132;140;
187;2.4954854095;48.8578271642;3;125;675;676;
188;2.49935538818;48.8593273242;3;130;897;131;
191;2.50005307099;48.85906044;3;131;157;188;
193;2.50803954664;48.8591205191;1;132;
200;2.51080805787;48.8589430078;3;136;145;138;
201;2.51170842828;48.8588567514;4;137;138;139;158;
207;2.51228178002;48.8587601625;1;139;
211;2.50659918984;48.8586559274;5;140;141;144;160;165;
213;2.50628290777;48.858951404;2;141;143;
217;2.50594652683;48.858491354;3;144;146;173;
220;2.51065008208;48.8583487998;3;145;159;180;
221;2.50491268215;48.8582802337;5;146;147;150;192;721;
223;2.50497749502;48.8586312433;2;147;149;
227;2.5044474991;48.8584671691;2;150;152;
231;2.5020097864;48.8582591952;5;153;155;196;200;860;
237;2.51152335305;48.8582444473;3;158;159;172;
242;2.50701274367;48.8581629965;3;160;173;189;
243;2.50821201063;48.8581769244;3;161;166;171;
247;2.50879992295;48.8579814849;3;167;175;171;
253;2.5114990461;48.8579295801;3;172;174;179;
257;2.51252289952;48.8577538879;1;174;
261;2.50938791555;48.8577770495;2;175;178;
263;2.50968842835;48.8577063342;3;176;214;178;
264;2.50969147872;48.8588305178;1;177;
269;2.51131262706;48.8574611636;3;179;181;204;
273;2.49574862324;48.8573875978;3;182;676;852;
278;2.50783838377;48.8573300112;3;190;197;817;
279;2.50445836173;48.8573250553;5;191;193;299;678;679;
287;2.50827654166;48.8571159714;2;197;207;
289;2.50151695611;48.8570610238;4;198;201;203;220;
290;2.50315154309;48.8571577557;3;199;677;681;
293;2.49971779492;48.8570715023;4;202;212;858;223;
295;2.51169827948;48.8570310559;3;204;210;211;
299;2.50765123497;48.856942526;3;205;206;240;
300;2.50690063641;48.8570473559;4;205;773;774;245;
303;2.50797874787;48.8568989062;3;206;208;817;
307;2.50840200022;48.8568197053;4;207;233;208;217;
313;2.5104349504;48.8565852184;4;209;213;215;229;
317;2.51193148381;48.8568701265;3;211;226;228;
319;2.49910692401;48.856817132;3;212;218;219;
329;2.49859111287;48.8565991305;3;218;224;864;
334;2.49930031752;48.8565481397;3;219;688;803;
336;2.5007766834;48.8560866518;5;221;222;684;827;687;
339;2.49754700247;48.8560461539;3;224;685;686;
343;2.5137304677;48.8568774504;1;225;
347;2.5127995919;48.8558574119;2;227;232;
350;2.5110836795;48.8557155124;3;230;247;705;
351;2.5131162384;48.8555169519;3;231;232;712;
352;2.51417723436;48.8557371056;1;231;
356;2.50971026156;48.8553861309;4;235;252;704;236;
357;2.50885346054;48.8551937559;4;236;241;237;258;
363;2.50818720559;48.8550291383;4;241;242;263;246;
371;2.50715367572;48.8547910575;3;246;691;692;
376;2.51184242304;48.8547383304;4;248;254;256;715;
377;2.51541014425;48.8550586074;1;249;
378;2.51377778227;48.8547282234;3;250;251;713;
380;2.51357159766;48.8549162467;2;251;712;
382;2.5104813023;48.8545529019;3;253;255;257;
384;2.51078365258;48.8542843364;3;254;255;765;
388;2.51222872441;48.8542362754;2;256;271;
389;2.51006111567;48.8543083604;3;257;259;260;
395;2.50962747431;48.8540457754;4;260;261;265;772;
403;2.50862502935;48.8534031311;3;264;694;695;
407;2.51569858967;48.8533510296;1;266;
408;2.51504554588;48.8532314704;3;266;267;982;
410;2.51439791955;48.8539932831;2;267;713;
413;2.51309039625;48.853907029;1;268;
414;2.51353547231;48.8529465449;3;269;270;981;
416;2.51318241396;48.8528102079;4;270;274;273;711;
420;2.5123391017;48.852635899;3;274;275;768;
422;2.51191782675;48.8525082735;5;275;276;402;698;719;
424;2.51184699321;48.8527957738;2;276;769;
425;2.49031046382;48.8601794861;2;277;278;
426;2.49014382953;48.8604935441;2;277;877;
431;2.49056063132;48.859685916;2;278;285;
439;2.4902198089;48.859693458;2;279;284;
440;2.48979456814;48.8599704403;3;279;904;901;
441;2.49447365995;48.859558616;3;280;287;291;
445;2.49074238413;48.8592190342;3;284;285;724;
451;2.49511211348;48.858374186;3;286;296;675;
455;2.49183746111;48.8587380471;3;288;292;297;
460;2.4916121995;48.8594745471;2;292;674;
463;2.49181757089;48.8579825186;3;293;728;297;
475;2.5042799653;48.8560202755;2;298;300;
477;2.50388970709;48.8554970414;3;300;301;323;
479;2.5035916838;48.8553069441;3;301;305;318;
481;2.49778822061;48.8550578926;4;302;336;331;832;
482;2.50000322758;48.8557326801;3;304;687;689;
485;2.50314392404;48.8550982375;3;305;306;309;
488;2.50187646094;48.8565229177;3;308;680;682;
491;2.50283244923;48.8548900956;5;309;310;313;314;332;
494;2.50153720947;48.8563686174;3;312;682;683;
497;2.50359742409;48.8547044101;3;313;319;334;
501;2.501552781;48.8547408774;3;314;315;826;
506;2.50122504478;48.8562324158;3;317;683;684;
510;2.50430694026;48.8546174174;3;318;319;330;
515;2.50698894708;48.8549162865;3;320;691;699;
516;2.50575177139;48.8545964138;3;320;321;329;
521;2.49460568339;48.8543789809;3;324;328;846;
522;2.49682790885;48.8557103766;3;327;690;845;
523;2.49346460381;48.8539964325;4;328;1018;809;1016;
530;2.50515367398;48.8544320606;3;329;330;333;
536;2.49686740972;48.8544424728;3;331;337;350;
537;2.5019523797;48.8542838777;3;332;340;367;
540;2.50398474633;48.8541034582;3;333;334;345;
545;2.49858843382;48.8540449935;2;335;354;
550;2.49646360989;48.8539191563;3;337;341;386;
551;2.50459155756;48.8533505257;3;338;345;359;
552;2.50483625859;48.8534144925;1;338;
555;2.5009227692;48.8536410556;4;339;348;717;823;
558;2.49519626814;48.8525018494;2;343;371;
559;2.50747978813;48.8534523831;3;344;352;357;
560;2.5083225882;48.8536806844;3;344;693;694;
565;2.49947400992;48.8526547216;3;346;363;364;
567;2.49766624424;48.853573468;1;349;
571;2.50574004078;48.8529595651;3;351;358;397;
573;2.49948487326;48.8529425565;3;353;363;835;
577;2.50970568367;48.8529758804;3;355;695;697;
578;2.50775761064;48.8528959348;3;356;357;379;
581;2.5049509196;48.8528214016;4;358;359;360;408;
587;2.50438027127;48.8526391709;4;360;361;362;413;
590;2.50404790328;48.8531953855;1;361;
595;2.5038504238;48.8524661001;2;362;366;
599;2.49928590314;48.8523751385;3;364;365;764;
607;2.49913677888;48.8522935735;2;365;376;
609;2.50319793273;48.8522925177;4;366;370;377;416;
614;2.49484369671;48.8523204929;3;371;374;441;
616;2.48946279257;48.852099799;2;372;895;
617;2.50194472252;48.8522333472;3;373;378;392;
618;2.50177844172;48.8525204445;2;373;716;
622;2.49449095324;48.8521571214;3;374;375;733;
624;2.49418661084;48.8526234935;2;375;786;
625;2.49897471942;48.8521400068;3;376;381;763;
627;2.50217888057;48.8519735124;3;377;378;401;
632;2.50825821937;48.8518367699;3;380;800;802;
633;2.49839229003;48.851768836;3;381;382;400;
639;2.49919293089;48.8521229335;3;387;763;764;
640;2.4995103346;48.8517105639;3;387;395;405;
641;2.49330982824;48.8516934605;3;388;389;734;
642;2.49401661356;48.8518853136;1;388;
646;2.49136878432;48.8522967784;2;391;729;
650;2.49978400289;48.8515947937;3;394;395;422;
653;2.49058859125;48.8526442031;3;396;843;919;
654;2.49128912673;48.8520805974;2;396;986;
656;2.50658554766;48.8514611535;3;399;706;801;
657;2.49793208065;48.8514431423;2;400;415;
659;2.50255205655;48.8514264654;3;401;421;431;
666;2.51079771816;48.8513345547;3;404;424;963;
668;2.49884640244;48.8513120739;3;405;448;435;
669;2.50581007414;48.8513230517;4;406;799;414;706;
671;2.49053232364;48.8514298501;3;409;808;972;
672;2.49016816142;48.8524355636;2;410;921;
673;2.50523875612;48.8512127695;3;411;799;798;
677;2.50633165671;48.8509294939;3;414;430;451;
679;2.49702547982;48.8507738204;3;415;437;470;
682;2.50393371486;48.8508746089;4;418;460;779;797;
683;2.50044569875;48.8508061361;4;419;423;443;433;
687;2.51021690409;48.8507835795;4;424;444;425;708;
692;2.50641495262;48.8507679558;3;429;430;452;
697;2.50310323438;48.850790222;3;431;794;779;
699;2.49323497371;48.850982662;3;432;853;985;
700;2.49355189321;48.8506242662;4;432;475;841;914;
701;2.49973881807;48.850623314;3;433;434;447;
709;2.49577527177;48.8504088207;3;436;438;442;
717;2.49542210294;48.850290417;4;442;735;454;730;
722;2.50079128611;48.8502949526;3;443;707;796;
723;2.50963601768;48.8502415944;3;444;455;780;
727;2.49765761262;48.8502278762;3;445;449;472;
733;2.50466313125;48.8501221823;3;450;459;462;
735;2.50666611433;48.8501484447;3;452;453;456;
740;2.50557553576;48.8501889102;1;453;
744;2.49459286665;48.8500800679;3;454;473;914;
745;2.50931100378;48.8500244194;3;455;458;463;
751;2.50398426914;48.8498585602;4;459;461;488;759;
757;2.50534840266;48.8497113191;3;462;468;477;
759;2.50894740022;48.8495642624;3;463;476;464;
774;2.49549755107;48.8495352857;3;473;736;987;
775;2.49581418517;48.8492038627;9;474;493;545;760;737;762;987;469;471;
776;2.49568675869;48.8496979654;3;474;735;736;
780;2.49305031849;48.8503523388;1;475;
781;2.50878811776;48.8491139364;4;476;481;491;492;
787;2.5032640193;48.8496487229;3;482;487;759;
788;2.50066621936;48.8491252829;4;484;485;527;752;
790;2.50037074817;48.8500953415;3;486;707;742;
791;2.50346096372;48.8490020123;4;487;490;525;751;
794;2.5041565192;48.8489419428;4;489;490;505;506;
799;2.50967486431;48.8490096524;1;491;
803;2.50869663148;48.8486998623;3;492;499;514;
808;2.49352936739;48.8487355464;4;495;496;513;748;
810;2.49364929214;48.8504178293;1;498;
811;2.50858897615;48.848555525;3;499;515;500;
818;2.50428386353;48.8484478307;3;506;510;562;
819;2.49164054559;48.8481879281;2;507;553;
820;2.49157022024;48.8484124659;2;507;749;
821;2.49915660271;48.8488131957;2;508;753;
822;2.49793549914;48.848259477;3;509;534;519;
824;2.50646614048;48.8482410098;3;512;516;556;
825;2.49363025827;48.8481693855;1;513;
829;2.50894801032;48.8480533659;1;514;
833;2.50851154289;48.848096541;3;515;518;560;
839;2.49747410952;48.8480596838;3;519;540;520;
844;2.49623913221;48.8489448425;3;521;761;762;
845;2.50096279909;48.8480383124;4;522;526;533;754;
849;2.49458942449;48.8476248399;3;528;530;581;
850;2.49624426135;48.8484142502;4;529;761;569;760;
852;2.49415041725;48.8479287623;1;530;
855;2.4987616464;48.8473725883;4;531;535;538;575;
859;2.49219287395;48.847443816;1;536;
860;2.49180239575;48.8483594915;3;537;747;868;
863;2.49843531085;48.8472992729;4;538;539;561;566;
867;2.4893002473;48.8478272162;3;541;746;866;
868;2.49093662056;48.846314293;3;544;608;999;
870;2.49252174127;48.8472563486;2;550;554;
871;2.49218827385;48.8465174688;2;551;838;
874;2.49135674077;48.8465499103;3;555;999;605;
876;2.50605565566;48.8469802317;3;557;573;582;
877;2.50769350301;48.8466991917;3;558;593;572;
881;2.49888912452;48.8468694881;3;561;822;743;
886;2.50423087456;48.846855769;3;564;574;755;
887;2.49680494942;48.8467977861;4;565;567;577;579;
893;2.50116570569;48.8467710803;3;570;585;571;
894;2.50183252061;48.8468637934;2;570;782;
898;2.50107585649;48.8476160913;2;571;754;
902;2.5043020842;48.8465322992;4;574;584;588;613;
904;2.49914957491;48.8467086963;3;575;576;822;
907;2.49949290222;48.8464313355;3;576;587;595;
911;2.4969721074;48.8464207632;3;577;601;744;
915;2.4955686383;48.846414854;2;578;580;
924;2.50580230363;48.8463946102;3;582;583;594;
927;2.50103366469;48.8463298497;3;585;586;591;
930;2.49973980901;48.8462614922;3;586;587;604;
938;2.50396227561;48.8450109937;3;590;643;617;
939;2.50107600601;48.8461771372;3;591;592;757;
941;2.50239754244;48.8462006281;1;592;
945;2.50712614412;48.8461752347;4;593;596;594;612;
951;2.49953878896;48.845909906;3;595;599;619;
953;2.50733401771;48.8458073586;1;596;
955;2.49728063943;48.8455137188;3;597;600;628;
963;2.50071500058;48.8454561531;3;602;603;606;
964;2.50085005138;48.8455826254;3;602;757;758;
969;2.49131101517;48.8456503679;1;605;
973;2.50093473364;48.8452772004;2;606;609;
977;2.48988058014;48.8456172967;1;607;
981;2.50119568621;48.8450624451;3;609;622;625;
985;2.50553006779;48.8449275491;5;610;615;616;633;642;
995;2.4999981034;48.8449045567;3;618;624;632;
997;2.50256038877;48.8448432902;4;620;636;621;781;
998;2.50291310803;48.845006639;1;620;
1003;2.49829828974;48.8445466945;3;623;626;661;
1007;2.50189600507;48.8444987735;2;625;638;
1011;2.49759072123;48.8444447967;4;626;627;629;996;
1019;2.49642093563;48.8442330281;1;629;
1023;2.50055303549;48.8438726236;3;630;631;656;
1024;2.500934112;48.8439191814;2;630;649;
1028;2.50588332529;48.8435979729;1;634;
1029;2.50285741934;48.8437023521;3;635;637;647;
1035;2.50373097431;48.8435440962;3;639;645;646;
1041;2.5033794621;48.8432548457;4;646;647;648;962;
1049;2.50260909712;48.8425951199;4;648;653;651;979;
1055;2.50133231277;48.8421761033;3;652;660;654;
1061;2.49792767054;48.8419999796;1;657;
1062;2.49870324395;48.8421111542;3;657;658;992;
1066;2.49885726731;48.8416801111;2;658;668;
1067;2.49970225637;48.8416566674;3;659;666;667;
1073;2.49881846875;48.8414641043;3;667;668;669;
1081;2.49848044931;48.8411928822;3;669;670;804;
1085;2.49855056211;48.8409863253;1;670;
1093;2.48695282418;48.8606507805;2;672;818;
1098;2.49127754415;48.8602465546;2;674;723;
1113;2.50559074484;48.8572038319;4;679;703;720;773;
1133;2.49847131224;48.8563018465;2;685;803;
1135;2.49732990189;48.8559463148;3;686;690;863;
1153;2.50788106201;48.8542544472;3;692;693;1028;
1169;2.51133209629;48.8524789026;3;696;698;967;
1197;2.51103689113;48.8505351173;1;708;
1201;2.50895304444;48.8518576103;3;709;802;965;
1202;2.50995054741;48.8515739104;2;709;964;
1203;2.51367029144;48.8516430479;1;710;
1209;2.5002348218;48.8642683477;1;714;
1212;2.51206879544;48.8553058375;1;715;
1217;2.51327661178;48.8514795655;1;718;
1226;2.48507996625;48.8612093187;2;722;907;
1233;2.49097829878;48.8587883559;3;724;726;873;
1235;2.49147816416;48.857846176;3;725;727;728;
1237;2.49160310574;48.8576128788;2;727;821;
1244;2.4913769694;48.8528544058;1;729;
1253;2.49336739764;48.8513789341;2;734;853;
1269;2.48789877377;48.8476143758;3;745;1009;1024;
1278;2.49120443084;48.8495890538;3;750;805;915;
1281;2.50361822322;48.848229228;1;751;
1290;2.50353560403;48.8468888597;2;755;756;
1293;2.5026226591;48.8468850678;2;756;782;
1300;2.50177616919;48.8456314531;1;758;
1324;2.50695149193;48.8574342808;1;774;
1328;2.50164878984;48.8646519634;1;776;
1329;2.48302115749;48.8612723895;2;777;788;
1330;2.48180596013;48.8614829745;5;777;940;1000;1001;1038;
1331;2.48330765052;48.8612466467;2;778;789;
1332;2.48366443116;48.8610053657;2;778;902;
1339;2.51063188139;48.850128757;1;780;
1343;2.50231641782;48.8447073733;1;781;
1354;2.49352156294;48.853744858;2;787;1018;
1355;2.48297750155;48.8615509951;2;788;990;
1357;2.48290622824;48.8618654548;3;789;854;991;
1359;2.48851888342;48.8524644985;2;790;793;
1360;2.48605230893;48.8524539292;4;792;1004;1015;1029;
1363;2.48881842346;48.8524927588;4;793;920;975;372;
1373;2.50464052818;48.8510663994;2;797;798;
1393;2.49761385265;48.8406316479;1;804;
1402;2.49082763405;48.8504957892;3;806;807;883;
1410;2.49192314608;48.8569397339;2;814;815;
1412;2.49179820755;48.8571730315;2;815;821;
1419;2.48306211361;48.8626395569;3;816;906;913;
1452;2.50020506609;48.8545823679;5;824;825;829;830;833;
1465;2.492939912;48.8448928365;2;836;840;
1467;2.49311470147;48.8437334165;2;839;894;
1473;2.49308586292;48.8509010894;2;841;918;
1475;2.49195787037;48.8533784922;2;842;844;
1477;2.4926500826;48.8536692187;2;844;983;
1482;2.49631653161;48.8564456837;3;845;851;850;
1495;2.48279218917;48.86236859;2;854;857;
1500;2.50047660527;48.8575333348;3;858;859;861;
1508;2.5000232296;48.8579091634;1;861;
1511;2.49794675696;48.8569921379;3;862;864;865;
1516;2.49825900422;48.857119355;1;865;
1529;2.48884068752;48.8571694281;3;869;874;930;
1530;2.488255739;48.8584439891;2;870;871;
1534;2.48769632901;48.8585045492;2;876;931;
1544;2.49006046763;48.8606550695;2;877;878;
1551;2.48844163238;48.8603333927;2;879;905;
1552;2.48608247978;48.860449192;2;881;882;
1554;2.48561809768;48.8605461239;2;882;909;
1555;2.49014628539;48.8504928877;2;883;988;
1557;2.49393054481;48.8382957911;1;884;
1558;2.49355274111;48.8393194554;2;885;886;
1562;2.48968637935;48.8515341663;2;895;989;
1564;2.48828515091;48.8554493143;2;896;976;
1566;2.49728972938;48.8601100808;2;899;900;
1569;2.48529232004;48.8604098226;2;901;903;
1578;2.48898787264;48.860227806;2;904;905;
1581;2.48338291942;48.861903487;2;906;939;
1584;2.4834111602;48.8618046819;2;908;941;
1594;2.49108891788;48.8502540778;2;915;916;
1610;2.48915057097;48.8561455041;3;928;929;896;
1614;2.48396125635;48.8613124204;2;938;939;
1643;2.50368109831;48.8430582406;1;962;
1647;2.51025119272;48.8514852071;2;963;964;
1659;2.49168704053;48.8518034921;3;972;984;986;
1661;2.48873581525;48.8539673275;2;973;978;
1666;2.50308485471;48.8427140125;2;979;980;
1668;2.50338366106;48.8428141818;1;980;
1669;2.51443363955;48.8530850943;2;981;982;
1675;2.4930432766;48.8538777338;2;983;1017;
1689;2.48989536581;48.8510673986;2;988;989;
1693;2.48294899233;48.861676779;2;990;991;
1702;2.50022550485;48.8638186423;2;997;998;
1709;2.48190793386;48.8621938915;1;1000;
1712;2.48083796449;48.8601387671;1;1003;
1718;2.48224881335;48.8525814264;1;1008;
1722;2.48555701796;48.8474064731;1;1011;
1727;2.48843556046;48.8540110113;1;1012;
1732;2.49311001617;48.8540219112;2;1016;1017;
1741;2.48841539529;48.8505124797;3;1019;1032;1033;
1742;2.48674972944;48.8494441188;2;1021;1022;
1746;2.48760413459;48.8484764872;3;1023;1024;1036;
1753;2.49687987451;48.864443151;1;1025;
1758;2.50754138255;48.8541451289;1;1028;
1762;2.4868225332;48.8517377602;2;1029;1030;
1773;2.4802507234;48.861620124;1;1037;
1774;2.499693737225;48.86454487995;2;1;2;
1775;2.4988593851000003;48.86413219065;2;3;4;
1776;2.5030689903333334;48.86390842426667;2;5;6;
1777;2.5028505926466664;48.86346384633333;2;6;7;
1778;2.50187326114;48.8632724196;2;8;9;
1779;2.4818474737166665;48.86507449726666;2;10;11;
1780;2.482107517403333;48.86451204043333;2;11;12;
1781;2.49996447968;48.863556744233335;2;14;15;
1782;2.50031855315;48.86311754966667;2;15;16;
1783;2.50462341423;48.86290161986667;2;17;18;
1784;2.5048235939;48.863352114933335;2;18;19;
1785;2.5035277147599997;48.8627351966;2;20;21;
1786;2.4992613218233335;48.86344288636667;2;22;23;
1787;2.4989122374366666;48.86288983393333;2;23;24;
1788;2.4977258121633334;48.86247416003333;2;25;26;
1789;2.496888471276667;48.86261153856667;2;26;27;
1790;2.4924583032100003;48.86286413685;2;28;29;
1791;2.502404992025;48.862546173400006;2;32;33;
1792;2.504216548255;48.8619691247;2;35;36;
1793;2.5066312324349997;48.86246924035;2;39;40;
1794;2.50309382552;48.8617801015;2;42;43;
1795;2.5097425977766665;48.861606672633336;2;45;46;
1796;2.5103212945333335;48.861911817666666;2;46;47;
1797;2.509145187315;48.861841051249996;2;48;49;
1798;2.498187232145;48.861741644199995;2;50;51;
1799;2.5082037003225;48.861583122199995;2;53;54;
1800;2.507841090975;48.862092003;2;54;55;
1801;2.5074784816275;48.8626008838;2;55;56;
1802;2.5078142301033335;48.8613289552;2;57;58;
1803;2.5070621505366666;48.861583669;2;58;59;
1804;2.4895469144066666;48.86159718206667;2;61;62;
1805;2.489282745493333;48.862126662933335;2;62;63;
1806;2.49750893753;48.86070006605;2;64;65;
1807;2.50605545241;48.8613786712;2;68;69;
1808;2.4883627453333332;48.861888906366666;2;73;74;
1809;2.4885767698566665;48.86137719983333;2;74;75;
1810;2.498987297406667;48.861226379966666;2;77;78;
1811;2.4991920228433333;48.86167090883333;2;78;79;
1812;2.5101730500433335;48.86124870303333;2;81;82;
1813;2.5105365206666668;48.86173283286667;2;82;83;
1814;2.510512773585;48.860632549200005;2;86;87;
1815;2.503796582705;48.8609826126;2;89;90;
1816;2.49996769508;48.860855757466666;2;92;93;
1817;2.50012627568;48.86137503663333;2;93;94;
1818;2.50905584517;48.8604736961;2;97;98;
1819;2.50556701003;48.86042335905;2;99;100;
1820;2.504458244835;48.86020292955;2;101;102;
1821;2.5015218255433336;48.8608262674;2;104;105;
1822;2.5012947119266666;48.8603456755;2;105;106;
1823;2.500438356395;48.86010078095;2;107;108;
1824;2.502944390568;48.85944121042;2;109;110;
1825;2.502645527716;48.85990762264;2;110;111;
1826;2.502346664864;48.86037403486;2;111;112;
1827;2.502047802012;48.86084044708;2;112;113;
1828;2.50761030285;48.85983222583333;2;119;120;
1829;2.5079471035;48.86025030326667;2;120;121;
1830;2.50179281668;48.8595683218;2;122;123;
1831;2.50251803505;48.85927156;2;123;124;
1832;2.496130405946667;48.858077190866666;2;125;126;
1833;2.4967754023933333;48.858327217533336;2;126;127;
1834;2.49742039884;48.858577244200006;2;127;128;
1835;2.498065395286667;48.85882727086667;2;128;129;
1836;2.4987103917333333;48.85907729753333;2;129;130;
1837;2.5046365419466667;48.859610105066665;2;133;134;
1838;2.5039398976833334;48.85929245163334;2;134;135;
1839;2.5058080469900004;48.85943958125;2;142;143;
1840;2.505155340615;48.8592795009;2;148;149;
1841;2.50384537626;48.85872098365;2;151;152;
1842;2.5026265199099997;48.8586169967;2;153;154;
1843;2.50135754793;48.8585262768;2;155;156;
1844;2.50070530946;48.8587933584;2;156;157;
1845;2.508388250835;48.858638557999996;2;161;162;
1846;2.50856449104;48.8591001916;2;162;163;
1847;2.508740731245;48.859561825200004;2;163;164;
1848;2.507405600235;48.8584164259;2;165;166;
1849;2.508829185075;48.858491978375;2;167;168;
1850;2.5088584472;48.859002471850005;2;168;169;
1851;2.508887709325;48.859512965325;2;169;170;
1852;2.509689953535;48.858268426;2;176;177;
1853;2.51098135457;48.8579049817;2;180;181;
1854;2.4963635443471426;48.85762657525714;2;182;183;
1855;2.4969784654542857;48.85786555271429;2;183;184;
1856;2.4975933865614284;48.85810453017143;2;184;185;
1857;2.4982083076685715;48.85834350762857;2;185;186;
1858;2.498823228775714;48.85858248508571;2;186;187;
1859;2.4994381498828573;48.858821462542856;2;187;188;
1860;2.50742556372;48.857746503849995;2;189;190;
1861;2.50468552194;48.8578026445;2;191;192;
1862;2.5038462178975;48.857558590275005;2;193;194;
1863;2.503234074065;48.85779212525;2;194;195;
1864;2.5026219302325;48.858025660224996;2;195;196;
1865;2.5023342496;48.85710938975;2;198;199;
1866;2.501763371255;48.8576601095;2;200;201;
1867;2.500617375515;48.85706626305;2;202;203;
1868;2.51106661494;48.85680813715;2;209;210;
1869;2.510061689375;48.8571457763;2;213;214;
1870;2.50975730034;48.8566633807;2;215;216;
1871;2.50907965028;48.856741543;2;216;217;
1872;2.501146819755;48.8565738378;2;220;221;
1873;2.50024723916;48.85657907705;2;222;223;
1874;2.512830975755;48.85687378845;2;225;226;
1875;2.512365537855;48.8563637692;2;227;228;
1876;2.51075931495;48.8561503654;2;229;230;
1877;2.5088380873333334;48.85634184716667;2;233;234;
1878;2.5092741744466664;48.85586398903333;2;234;235;
1879;2.5085529041475;48.855630948424995;2;237;238;
1880;2.508252347755;48.85606814095;2;238;239;
1881;2.5079517913625002;48.856505333475;2;239;240;
1882;2.507865563295;48.8555336927;2;242;243;
1883;2.507543921;48.8560382471;2;243;244;
1884;2.507222278705;48.8565428015;2;244;245;
1885;2.51146305127;48.8552269214;2;247;248;
1886;2.5145939632600003;48.8548934154;2;249;250;
1887;2.51009578193;48.854969516400004;2;252;253;
1888;2.509457288105;48.85475105815;2;258;259;
1889;2.509147384736667;48.854373563033334;2;261;262;
1890;2.5086672951633333;48.854701350666666;2;262;263;
1891;2.50912625183;48.85372445325;2;264;265;
1892;2.51331293428;48.853426786949996;2;268;269;
1893;2.5125466209266665;48.85376091956667;2;271;272;
1894;2.5128645174433335;48.85328556373333;2;272;273;
1895;2.4951568859175;48.8597323683;2;280;281;
1896;2.495840111885;48.8599061206;2;281;282;
1897;2.4965233378525;48.8600798729;2;282;283;
1898;2.494792886715;48.858966401;2;286;287;
1899;2.4924965108199997;48.858943189325;2;288;289;
1900;2.49315556053;48.85914833155;2;289;290;
1901;2.4938146102400003;48.859353473775;2;290;291;
1902;2.4926412065375;48.85808043545;2;293;294;
1903;2.493464842185;48.8581783523;2;294;295;
1904;2.4942884778325;48.85827626915;2;295;296;
1905;2.504369163515;48.8566726654;2;298;299;
1906;2.4985265562666665;48.855282821766664;2;302;303;
1907;2.4992648919233336;48.855507750933334;2;303;304;
1908;2.5027214363400003;48.8555731309;2;306;307;
1909;2.50229894864;48.8560480243;2;307;308;
1910;2.5024007026433335;48.8553829362;2;310;311;
1911;2.5019689560566665;48.8558757768;2;311;312;
1912;2.5014435355933333;48.85523805686667;2;315;316;
1913;2.5013342901866666;48.85573523633333;2;316;317;
1914;2.50513108329;48.854896623;2;321;322;
1915;2.50451039519;48.8551968322;2;322;323;
1916;2.4951612397550003;48.854711829825;2;324;325;
1917;2.49571679612;48.855044678750005;2;325;326;
1918;2.4962723524849997;48.855377527675;2;326;327;
1919;2.498188327215;48.85455144305;2;335;336;
1920;2.5014375744499997;48.85396246665;2;339;340;
1921;2.49604116264;48.85344672066667;2;341;342;
1922;2.49561871539;48.85297428503333;2;342;343;
1923;2.49995692968;48.8529834996;2;346;347;
1924;2.5004398494399998;48.8533122776;2;347;348;
1925;2.49726682698;48.854007970400005;2;349;350;
1926;2.506609914455;48.8532059741;2;351;352;
1927;2.49903665354;48.853493775;2;353;354;
1928;2.508731647155;48.8529359076;2;355;356;
1929;2.5022637679575;48.8537860377;2;367;368;
1930;2.5025751562150003;48.853288197699996;2;368;369;
1931;2.5028865444725;48.8527903577;2;369;370;
1932;2.508007915005;48.85236635235;2;379;380;
1933;2.498006554002;48.852198900059996;2;382;383;
1934;2.497620817974;48.85262896412;2;383;384;
1935;2.497235081946;48.85305902818;2;384;385;
1936;2.496849345918;48.853489092240004;2;385;386;
1937;2.4926628136;48.85189456646667;2;389;390;
1938;2.4920157989600003;48.852095672433336;2;390;391;
1939;2.5012244826433334;48.85202049603333;2;392;393;
1940;2.5005042427666666;48.85180764486667;2;393;394;
1941;2.506021876406667;48.852460094566666;2;397;398;
1942;2.506303712033333;48.85196062403333;2;398;399;
1943;2.51154445722;48.8521170339;2;402;403;
1944;2.51117108769;48.8517257943;2;403;404;
1945;2.5055236892933332;48.85182250166667;2;406;407;
1946;2.5052373044466667;48.852321951633336;2;407;408;
1947;2.49035024253;48.85193270684999;2;409;410;
1948;2.504952594503333;48.851688236633336;2;411;412;
1949;2.504666432886667;48.852163703766664;2;412;413;
1950;2.50344319344;48.851819881433336;2;416;417;
1951;2.50368845415;48.851347245166664;2;417;418;
1952;2.501147818016667;48.851012912533335;2;419;420;
1953;2.501849937283333;48.851219688966665;2;420;421;
1954;2.50011485082;48.8512004649;2;422;423;
1955;2.509456513796;48.850780454760006;2;425;426;
1956;2.508696123502;48.85077733002;2;426;427;
1957;2.507935733208;48.850774205280004;2;427;428;
1958;2.507175342914;48.85077108054;2;428;429;
1959;2.499292610255;48.85096769395;2;434;435;
1960;2.496400375795;48.850591320549995;2;436;437;
1961;2.495542378005;48.85088673875;2;438;439;
1962;2.49530948424;48.8513646568;2;439;440;
1963;2.4950765904749996;48.85184257485;2;440;441;
1964;2.49835134777;48.850359688800005;2;445;446;
1965;2.49904508292;48.8504915014;2;446;447;
1966;2.4982520075299997;48.85076997505;2;448;449;
1967;2.50549739398;48.8505258381;2;450;451;
1968;2.5075477441466667;48.85010710293333;2;456;457;
1969;2.5084293739633337;48.85006576116667;2;457;458;
1970;2.5039589920000003;48.85036658455;2;460;461;
1971;2.508227600708;48.84959367374;2;464;465;
1972;2.507507801196;48.849623085080005;2;465;466;
1973;2.506788001684;48.84965249642;2;466;467;
1974;2.506068202172;48.84968190776;2;467;468;
1975;2.496419832495;48.84998884155;2;469;470;
1976;2.496735898895;48.84971586945;2;471;472;
1977;2.50603634568;48.84959184256;2;477;478;
1978;2.5067242887;48.84947236602;2;478;479;
1979;2.50741223172;48.84935288948;2;479;480;
1980;2.50810017474;48.84923341294;2;480;481;
1981;2.5023980859866666;48.8494742429;2;482;483;
1982;2.5015321526733336;48.849299762899996;2;483;484;
1983;2.500518483765;48.8496103122;2;485;486;
1984;2.50407039417;48.8494002515;2;488;489;
1985;2.495052579243333;48.84904775726667;2;493;494;
1986;2.4942909733166667;48.848891651833334;2;494;495;
1987;2.4935693423066665;48.849296307366664;2;496;497;
1988;2.4936093172233336;48.849857068333336;2;497;498;
1989;2.507850233325;48.848619927966666;2;500;501;
1990;2.5071114905;48.84868433093334;2;501;502;
1991;2.506372747675;48.8487487339;2;502;503;
1992;2.50563400485;48.84881313686667;2;503;504;
1993;2.504895262025;48.84887753983334;2;504;505;
1994;2.498546050925;48.848536336349994;2;508;509;
1995;2.50501128918;48.8483788904;2;510;511;
1996;2.50573871483;48.8483099501;2;511;512;
1997;2.5071479412833333;48.848192853533334;2;516;517;
1998;2.507829742086667;48.84814469726666;2;517;518;
1999;2.496856620865;48.84850226315;2;520;521;
2000;2.5015873402474997;48.848279237374996;2;522;523;
2001;2.5022118814049996;48.84852016235;2;523;524;
2002;2.5028364225625;48.848761087325;2;524;525;
2003;2.500814509225;48.84858179765;2;526;527;
2004;2.49541684292;48.84801954505;2;528;529;
2005;2.4994953639633333;48.84759449633333;2;531;532;
2006;2.500229081526667;48.84781640436667;2;532;533;
2007;2.4983485727700003;48.84781603265;2;534;535;
2008;2.49199763485;48.84790165375;2;536;537;
2009;2.497954710185;48.84767947835;2;539;540;
2010;2.489709340615;48.8474489854;2;541;542;
2011;2.49011843393;48.8470707546;2;542;543;
2012;2.490527527245;48.8466925238;2;543;544;
2013;2.49526544452;48.848879277016664;2;545;546;
2014;2.49471670387;48.848554691333334;2;546;547;
2015;2.49416796322;48.84823010565;2;547;548;
2016;2.49361922257;48.847905519966666;2;548;549;
2017;2.4930704819200002;48.84758093428333;2;549;550;
2018;2.4920056977633336;48.84707428856667;2;551;552;
2019;2.4918231216766666;48.84763110833334;2;552;553;
2020;2.49193924102;48.84690312945;2;554;555;
2021;2.50626089807;48.847610620750004;2;556;557;
2022;2.50796618297;48.847164974799995;2;558;559;
2023;2.50823886293;48.8476307579;2;559;560;
2024;2.50426620054;48.84791714346667;2;562;563;
2025;2.50424853755;48.84738645623334;2;563;564;
2026;2.497620130135;48.8470485295;2;565;566;
2027;2.496618053396667;48.847336607466666;2;567;568;
2028;2.4964311573733333;48.84787542883333;2;568;569;
2029;2.5068745793350002;48.8468397117;2;572;573;
2030;2.4961867938599998;48.84660632005;2;578;579;
2031;2.495079031395;48.847019846950005;2;580;581;
2032;2.5050521939149997;48.8464634547;2;583;584;
2033;2.50418881467;48.846025197366664;2;588;589;
2034;2.50407554514;48.845518095533336;2;589;590;
2035;2.49803335594;48.8456457812;2;597;598;
2036;2.4987860724499997;48.845777843600004;2;598;599;
2037;2.497126373415;48.845967241;2;600;601;
2038;2.500227404795;48.84585882265;2;603;604;
2039;2.49040860035;48.84596579485;2;607;608;
2040;2.5060620932333335;48.8453434443;2;610;611;
2041;2.5065941186766665;48.8457593395;2;611;612;
2042;2.504711412063333;48.8459973825;2;613;614;
2043;2.505120739926667;48.8454624658;2;614;615;
2044;2.5047461717;48.844969271400004;2;616;617;
2045;2.49976844618;48.84540723135;2;618;619;
2046;2.50187803749;48.844952867649994;2;621;622;
2047;2.49914819657;48.844725625600006;2;623;624;
2048;2.4974356803299997;48.84497925775;2;627;628;
2049;2.500275569445;48.844388590150004;2;631;632;
2050;2.50570669654;48.844262760999996;2;633;634;
2051;2.502708904055;48.84427282115;2;635;636;
2052;2.502376712205;48.8441005628;2;637;638;
2053;2.50418074768;48.843889959425;2;639;640;
2054;2.50463052105;48.84423582265;2;640;641;
2055;2.50508029442;48.844581685875;2;641;642;
2056;2.503885175176667;48.84452202786667;2;643;644;
2057;2.503808074743333;48.84403306203333;2;644;645;
2058;2.501492440373333;48.843477827566666;2;649;650;
2059;2.502050768746667;48.84303647373333;2;650;651;
2060;2.501970704945;48.842385611599994;2;652;653;
2061;2.5010725536766665;48.84274161006667;2;654;655;
2062;2.500812794583333;48.84330711683333;2;655;656;
2063;2.50051728457;48.841916385350004;2;659;660;
2064;2.4985322841783333;48.84406502331667;2;661;662;
2065;2.498766278616667;48.84358335213334;2;662;663;
2066;2.499000273055;48.84310168095;2;663;664;
2067;2.499234267493333;48.84262000976667;2;664;665;
2068;2.499468261931667;48.84213833858334;2;665;666;
2069;2.487701923885;48.86070794745;2;672;673;
2070;2.50380495241;48.857241405500005;2;677;678;
2071;2.5025140020150003;48.8568403367;2;680;681;
2072;2.49965177255;48.8561404099;2;688;689;
2073;2.51051888998;48.8527273915;2;696;697;
2074;2.506709306632;48.85537379558;2;699;700;
2075;2.506429666184;48.85583130466;2;700;701;
2076;2.506150025736;48.85628881374;2;701;702;
2077;2.505870385288;48.85674632282;2;702;703;
2078;2.51039697053;48.85555082165;2;704;705;
2079;2.5134263527;48.852226627899995;2;710;711;
2080;2.50135060546;48.85308075005;2;716;717;
2081;2.512597219265;48.8519939195;2;718;719;
2082;2.5052517134950003;48.857742032800004;2;720;721;
2083;2.49122823147;48.85831726595001;2;725;726;
2084;2.4951893155150002;48.8507570931;2;730;731;
2085;2.4949565280900003;48.8512237692;2;731;732;
2086;2.494723740665;48.851690445299994;2;732;733;
2087;2.4965736123366664;48.8493524425;2;737;738;
2088;2.4973330395033333;48.849501022300004;2;738;739;
2089;2.49809246667;48.8496496021;2;739;740;
2090;2.4988518938366666;48.8497981819;2;740;741;
2091;2.499611321003333;48.849946761700004;2;741;742;
2092;2.4979306159599997;48.84664512565;2;743;744;
2093;2.488599510535;48.847720796000004;2;745;746;
2094;2.49266588157;48.84854751895;2;747;748;
2095;2.49138732554;48.84900075985;2;749;750;
2096;2.499911411035;48.8489692393;2;752;753;
2097;2.5111725148599997;48.85387222705;2;765;766;
2098;2.5115613771399996;48.853460117699996;2;766;767;
2099;2.51195023942;48.85304800835;2;767;768;
2100;2.511292113485;48.8531082742;2;769;770;
2101;2.51073723376;48.853420774599996;2;770;771;
2102;2.510182354035;48.853733275;2;771;772;
2103;2.50138155858;48.8640887671;2;775;776;
2104;2.501031397466667;48.862221189833335;2;783;784;
2105;2.5013901683133333;48.86176402456667;2;784;785;
2106;2.49385408689;48.85318417575;2;786;787;
2107;2.4876966919233334;48.8524609754;2;790;791;
2108;2.4868745004266666;48.8524574523;2;791;792;
2109;2.5023325849566667;48.8506251322;2;794;795;
2110;2.5015619355333336;48.8504600424;2;795;796;
2111;2.5074218835149997;48.85164896169999;2;800;801;
2112;2.4910160324449997;48.8500424215;2;805;806;
2113;2.490679978845;48.85096281964999;2;807;808;
2114;2.4932076941883334;48.854486982733334;2;809;810;
2115;2.4929507845666667;48.854977532966664;2;810;811;
2116;2.492693874945;48.855468083199995;2;811;812;
2117;2.4924369653233334;48.85595863343333;2;812;813;
2118;2.4921800557016667;48.85644918366667;2;813;814;
2119;2.48619473689;48.86081390295;2;818;819;
2120;2.5005639176449996;48.85411171175;2;823;824;
2121;2.5008789235449997;48.85466162265;2;825;826;
2122;2.5005861442966664;48.85558522383333;2;827;828;
2123;2.5003956051933334;48.85508379586667;2;828;829;
2124;2.49939945093;48.854740876133334;2;830;831;
2125;2.49859383577;48.85489938436667;2;831;832;
2126;2.4999650018133335;48.8540357641;2;833;834;
2127;2.4997249375366666;48.8534891603;2;834;835;
2128;2.49268936595;48.845434380600004;2;836;837;
2129;2.4924388199000003;48.8459759247;2;837;838;
2130;2.493027306735;48.8443131265;2;839;840;
2131;2.49127323081;48.853011347649996;2;842;843;
2132;2.494947853034;48.85479232146;2;846;847;
2133;2.495290022678;48.855205662020005;2;847;848;
2134;2.4956321923219997;48.85561900258;2;848;849;
2135;2.4959743619659998;48.85603234314;2;849;850;
2136;2.496032577425;48.85691664075;2;851;852;
2137;2.4825091037833333;48.86342258573333;2;855;856;
2138;2.4826506464766664;48.86289558786667;2;856;857;
2139;2.501243195835;48.857896265;2;859;860;
2140;2.497638329425;48.85646922635;2;862;863;
2141;2.4901342967833333;48.8480046413;2;866;867;
2142;2.490968346266667;48.8481820664;2;867;868;
2143;2.48854821326;48.8578067086;2;869;870;
2144;2.489163258926667;48.858558778033334;2;871;872;
2145;2.490070778853333;48.85867356696667;2;872;873;
2146;2.4884592346833334;48.857614468466664;2;874;875;
2147;2.4880777818466666;48.858059508833335;2;875;876;
2148;2.48765524818;48.86037199246667;2;879;880;
2149;2.48686886398;48.86041059223333;2;880;881;
2150;2.49374164296;48.838807623250005;2;884;885;
2151;2.4935040700388886;48.83980989552222;2;886;887;
2152;2.4934553989677775;48.84030033564444;2;887;888;
2153;2.4934067278966667;48.84079077576667;2;888;889;
2154;2.4933580568255556;48.84128121588889;2;889;890;
2155;2.4933093857544444;48.84177165601111;2;890;891;
2156;2.493260714683333;48.84226209613333;2;891;892;
2157;2.4932120436122225;48.84275253625556;2;892;893;
2158;2.4931633725411113;48.84324297637778;2;893;894;
2159;2.4986668352466666;48.85958824306667;2;897;898;
2160;2.4979782823133334;48.85984916193333;2;898;899;
2161;2.4844783756;48.86070759415;2;902;903;
2162;2.484245563225;48.861507000299994;2;907;908;
2163;2.485106900866;48.8609648105;2;909;910;
2164;2.484595704052;48.8613834971;2;910;911;
2165;2.4840845072380002;48.8618021837;2;911;912;
2166;2.483573310424;48.8622208703;2;912;913;
2167;2.4917545662266667;48.85046974833333;2;916;917;
2168;2.4924202145733334;48.85068541886667;2;917;918;
2169;2.4897035073550002;48.85256848095;2;919;920;
2170;2.49004096261375;48.8528993061625;2;921;922;
2171;2.4899137638075004;48.853363048725;2;922;923;
2172;2.4897865650012503;48.853826791287496;2;923;924;
2173;2.489659366195;48.85429053385;2;924;925;
2174;2.48953216738875;48.8547542764125;2;925;926;
2175;2.4894049685825;48.855218018974995;2;926;927;
2176;2.4892777697762503;48.8556817615375;2;927;928;
2177;2.488995629245;48.8566574661;2;929;930;
2178;2.4872294449275;48.8588555331;2;931;932;
2179;2.486762560845;48.859206517;2;932;933;
2180;2.4862956767625;48.859557500899996;2;933;934;
2181;2.48582879268;48.8599084848;2;934;935;
2182;2.4853619085975;48.8602594687;2;935;936;
2183;2.484895024515;48.8606104526;2;936;937;
2184;2.4844281404325;48.8609614365;2;937;938;
2185;2.482608560165;48.8616438282;2;940;941;
2186;2.5023603939266668;48.8610306064;2;942;943;
2187;2.5029718486933334;48.8607543535;2;943;944;
2188;2.503356603433333;48.859475899;2;945;946;
2189;2.503469953446667;48.8599769998;2;946;947;
2190;2.507919684978;48.860844944819995;2;948;949;
2191;2.507273060286;48.86061564824;2;949;950;
2192;2.5066264355940002;48.86038635166;2;950;951;
2193;2.505979810902;48.86015705508;2;951;952;
2194;2.50101689772;48.86160058755;2;953;954;
2195;2.4936822362575004;48.8624556203;2;955;956;
2196;2.494471867635;48.8625533859;2;956;957;
2197;2.4952614990125;48.8626511515;2;957;958;
2198;2.4913915912699998;48.8615960402;2;959;960;
2199;2.49200667311;48.86188644;2;960;961;
2200;2.5097460617233334;48.852064707733334;2;965;966;
2201;2.5105390790066666;48.852271805166666;2;966;967;
2202;2.5056811255;48.86204263013334;2;968;969;
2203;2.50505218003;48.86224687746667;2;969;970;
2204;2.4887633513200003;48.8534758046;2;973;974;
2205;2.48879088739;48.852984281699996;2;974;975;
2206;2.488435372356667;48.8549553187;2;976;977;
2207;2.488585593803333;48.854461323100004;2;977;978;
2208;2.49246100712;48.85139307705;2;984;985;
2209;2.4984807394060002;48.8425778827;2;992;993;
2210;2.498258234862;48.8430446112;2;993;994;
2211;2.498035730318;48.8435113397;2;994;995;
2212;2.497813225774;48.8439780682;2;995;996;
2213;2.4814832949166665;48.861034905366665;2;1001;1002;
2214;2.4811606297033335;48.86058683623333;2;1002;1003;
2215;2.4852916098140003;48.85247942864;2;1004;1005;
2216;2.484530910698;48.85250492808;2;1005;1006;
2217;2.483770211582;48.85253042752;2;1006;1007;
2218;2.483009512466;48.85255592696;2;1007;1008;
2219;2.4871181885;48.8475450749;2;1009;1010;
2220;2.48633760323;48.847475774;2;1010;1011;
2221;2.4878397475775;48.853621740775004;2;1012;1013;
2222;2.487243934695;48.853232470250006;2;1013;1014;
2223;2.4866481218125003;48.852843199725;2;1014;1015;
2224;2.48786017334;48.8501563594;2;1019;1020;
2225;2.48730495139;48.8498002391;2;1020;1021;
2226;2.487176932015;48.848960303;2;1022;1023;
2227;2.49660362647;48.863878406366666;2;1025;1026;
2228;2.49632737843;48.863313661733336;2;1026;1027;
2229;2.48735348723;48.85132933336667;2;1030;1031;
2230;2.48788444126;48.85092090653333;2;1031;1032;
2231;2.4882125801150003;48.850003481575;2;1033;1034;
2232;2.48800976494;48.84949448345;2;1034;1035;
2233;2.487806949765;48.848985485325;2;1035;1036;
2234;2.481028341765;48.861551549249995;2;1037;1038;
